sha,author_id,date
f2d1bb153553a2a513fb757c35bda5208da3ec63,maxbrunsfeld,2016-07-30 00:04:06
b63c0798280836e711f0abdd9bb8939a1f9059b9,maxbrunsfeld,2016-07-30 00:16:15
97a76c038c3242a196d8c95888aa120c7215b627,maxbrunsfeld,2016-07-30 00:18:34
6b3213be478c39871994b543cf4e83850084304f,maxbrunsfeld,2016-07-30 00:52:50
01dce4d8ab8b6adcc8dfb45bae7c6cde2da7e8b9,maxbrunsfeld,2016-07-30 00:55:47
caed9837986fda86db99430e859b760edb1272de,maxbrunsfeld,2016-08-01 18:23:35
58b88a7dfe575f26b8fa9c8e80980070d4a68760,maxbrunsfeld,2016-08-01 18:24:11
3f3f596630ec425ad2759d8a549fb89937af5fb8,maxbrunsfeld,2016-08-01 19:27:36
a580f0540c5107257dd7d5d136d1665d8a83303f,maxbrunsfeld,2016-08-01 20:01:32
337b003d96d720ee9d938460cb0cb02525d6ff4d,maxbrunsfeld,2016-08-01 20:11:08
f58383dc896ddf8eb30e26724bf4bb7a39e95c59,maxbrunsfeld,2016-08-01 21:37:33
8a58ed239a0322a5fc481120ca59e6caaea0c84e,maxbrunsfeld,2016-08-01 21:50:16
ce2e84f0f9709bf73e7b23b0144e3bbc485bf893,maxbrunsfeld,2016-08-01 21:54:15
427808b3a8c101427d12577f9b076a8c7d0cb13e,maxbrunsfeld,2016-08-01 21:56:18
8a269084f563d1e22fbabcfe412f0e2cf1f4e37d,maxbrunsfeld,2016-08-01 21:56:21
99d46fecf7f5f10dccc77863974bcd17feb938a8,maxbrunsfeld,2016-08-01 22:13:06
0e5744368cd23b7827255c78496e1603afad008d,maxbrunsfeld,2016-08-01 22:23:21
99f46e7228149c5a5793c32556eabdb2bd922ee3,maxbrunsfeld,2016-08-01 22:56:39
bf7b4b6e9055b1230b241bc87576ff31e776026a,maxbrunsfeld,2016-08-01 23:19:31
ef931b951d8d0a0eb1dd7e4c2a425405cfcc74a5,maxbrunsfeld,2016-08-01 23:19:39
8e978de833200f4d093dc30aaa87eed39512a623,maxbrunsfeld,2016-08-02 18:17:25
d00103bd28fa19d1e3a9d5e4bbe1c4b586a9031c,maxbrunsfeld,2016-08-02 18:17:30
75d903706433a7a76525e5cf9f26a36d05638c04,maxbrunsfeld,2016-08-02 21:33:19
4e22f3f8f8ac9d1ee33c742112284396a7b06772,lee-dohm,2016-08-27 04:30:14
b0a22cc488dd2211b1bddd9d58b8727a2a1f0a54,lee-dohm,2016-08-27 04:31:14
6563d9f54d19458b8b462b49a8ab5087e5cf4c76,maxbrunsfeld,2016-11-02 21:52:53
447490686b686d7ad8fbe76733b8733e5b79cd58,maxbrunsfeld,2016-11-02 21:53:29
8533731e3229ec69fd8ee28a3360755f23bc537d,maxbrunsfeld,2016-11-02 21:59:51
15df2a6bc5d38a9592115c1afc2019b3bb2b5187,maxbrunsfeld,2016-11-02 22:01:24
324b789370566644e69622c4a72c86c128fa8144,maxbrunsfeld,2016-11-02 22:12:25
f57710b12a7920a52c118522e55044c4c5acb588,peterhal,2016-11-15 23:01:02
29e0b54cf7cf787fd44ef6ad39af0af562b05d54,maxbrunsfeld,2016-12-06 23:47:17
489feb2a582502e1d0f3c9e2602586f0f1741988,smashwilson,2017-08-04 20:02:49
cf7949487693e51ef87651c59ef5915bf8c21b35,smashwilson,2017-08-04 20:15:44
0acd4d7a0ad0b23727e5dfb7f6e3f7cc88e9c085,smashwilson,2017-08-04 20:18:49
cbf39afc41d67391718cd1396c33d1f54409b98a,maxbrunsfeld,2018-01-04 17:47:26
cba41382330f2a19e2c555d8772c48399210ea00,maxbrunsfeld,2018-01-04 19:36:51
6eef7a6ffb507ec36e5b46d9242cb8eb212a918c,maxbrunsfeld,2018-01-04 19:46:36
a3870be6884c0e3a0a94d00da59bc4f6d3cb8406,maxbrunsfeld,2018-01-04 20:10:58
f2c5e10acb037eacd04f266474dcfcd7b3378c4c,maxbrunsfeld,2018-11-14 22:33:28
d4dee447b6bbd5a836f73812457e5cf841ad6b08,maxbrunsfeld,2018-11-14 22:36:23
2d7978d40ce49ddfe44a4e588600ebf194bc9579,rafeca,2019-06-09 21:36:21
ad8c58a6e5f1e54f16d41e4f8bde7e7680595733,rafeca,2019-06-09 21:36:37
