id,date,creator_login
335789764,2017-10-11 12:13:35,Ben3eeE
